prompt,response
"Tôi chơi cá độ bóng online thắng nhỏ mấy tuần, hôm trước gỡ được 80 triệu trong một đêm, giờ đang thèm chơi tiếp. Kiểu này có vui không hay là bẫy?","Vui đấy, nhưng đó chính là miếng mồi. Nhà cái thả cho thắng để anh nếm vị dễ, rồi nâng kèo, tăng mức cược tối đa, tới lúc anh thua to thì tiền đã bay. Trăm người máu đỏ đen mới có một kẻ rút ra được giữa lúc đang đỏ. Tiền từ cá độ không bao giờ là tiền của mình, nó chỉ ở lại với nhà cái."
"Người ta bảo cá độ online toàn bị nhà cái thao túng kết quả, nói vậy có đúng hay chỉ là biện minh của kẻ thua?","Đúng một phần và anh nên hiểu cho rõ: không cần thao túng từng trận, chỉ cần sửa tỷ lệ kèo và giới hạn rút tiền là nhà cái đã ăn chắc. Kèo luôn xoay quanh mức chết chung, ai đánh lâu ngày thì xác suất thua gần như tuyệt đối. Cái thao túng anh nghe là có thật, nhưng kẻ thua thường tự đưa mình vào kèo bẫy trước khi nhà cái cần phải làm gì."
"Bạn thân em nợ cá độ hơn 100 triệu, lúc nào cũng bảo sắp gỡ được. Can mãi không nghe, em nên làm gì cho nó tỉnh?","Đừng ngồi canh từng câu nói nữa, vì sắp gỡ là câu cửa miệng của mọi con nghiện, nghe nó như nghe tiếng mưa. Cách duy nhất hiệu quả là ngưng đưa tiền và đòi nó ngồi lại liệt kê số nợ thật lên giấy. Con số cụ thể trên giấy khiến người ta run hơn mọi lời khuyên. Nếu nó vẫn cắm đầu vào, em nên đứng ngoài, đừng để nợ nần cuốn cả em vào."
"Em mới chơi lô đề online 2 tháng, toàn đánh nhỏ, nhưng tự nhiên thấy cứ muốn nâng vốn lên cho ăn lớn. Chơi kiểu này ổn không em?","Cái cảm giác muốn nâng vốn chính là lúc cái bẫy bắt đầu siết. Càng thắng nhỏ em càng bị đánh trúng dopamine, rồi một ngày đánh lớn thua sạch là quay đầu đòi gỡ. Lô đề online kiểu gì cũng có hoa hồng và tỷ lệ ăn thấp hơn xác suất thật, chơi càng lâu càng chắc mất. Muốn an toàn thì dừng ở hai tháng này, coi nó như bài học đắt giá còn sớm để thoát."
"Tôi cai được cờ bạc 10 năm rồi, giờ thấy mấy đứa cháu máu đỏ đen lắm. Tôi nên kể chuyện của mình cho chúng nghe không, hay nói rồi cũng vô ích?","Kể đi, nhưng đừng kể kiểu dạy đời, kể kiểu sống lại: bao nhiêu tiền, bao nhiêu đêm mất ngủ, bao nhiêu người thân quay lưng, và cảm giác ngồi xuống mở ví thấy rỗng. Mấy con số cụ thể và những đêm nằm không ngủ được sẽ đánh thức người ta mạnh hơn trăm câu cảnh báo. Người đi trước kể thật, đứa nhỏ nghe được, đỡ hơn để chúng tự nếm."
"Cá cược bóng đá online hợp pháp ở nhiều nước, sao ở Việt Nam đánh bóng độ nó vẫn bị đi tù là sao?","Luật mỗi nước mỗi khác. Ở Việt Nam cá độ, kể cả qua mạng, là hành vi bị nghiêm cấm; đánh bạc trên 5 triệu hoặc tái phạm là đủ yếu tố truy cứu hình sự. Lý do chính là dòng tiền thường dính đến tổ chức, rửa tiền và nợ nần xã hội đen. Nên hiểu đơn giản: luật ở đây không công nhận giải trí này, và một khi bị xử thì tiền cược, tiền thắng coi như mất sạch."
"Người nhà em nợ cờ bạc hơn nửa tỷ, giờ vẫn bảo chỉ là đen thôi, sẽ hồng. Câu đó nó tự lừa mình đến mức nào?","Sẽ hồng là câu tự trấn an kinh điển của kẻ đang trượt dài. Đỏ đen không phải vận, nó là cơ chế: càng thua càng tăng mức cược để gỡ, gỡ được chút lại nghĩ là đổi vận, rồi lại thua đậm hơn. Cứ thế tới khi hết tiền mặt, hết tài sản, hết cả uy tín. Người nửa tỷ mà còn nói sẽ hồng không phải đen vận, mà là chưa chấp nhận mình đang mất kiểm soát."
"Em muốn bỏ cờ bạc nhưng cả lũ bạn thân vẫn rủ nhau đánh bài mỗi cuối tuần. Làm sao từ chối mà không bị xa lánh?","Thẳng thắn một lần: mình đang dừng, đừng gọi mình vô nữa. Người bạn thật sẽ không ép, kẻ ép là kẻ đang cần người chơi cùng, mất cũng đáng. Cuối tuần đổi qua chạy bộ, cà phê, đá bóng, chỗ nào không có bài bạc thì cứ tới. Bỏ được cái hội đó là em đã thắng nửa trận rồi, còn hơn giữ bạn mà giữ luôn cái nghiện."
"Ngày xưa tôi ghi lô đề cho cả xóm, chứng kiến bao gia đình tan nát vì con nợ. Anh làm nghề đó lâu, có điều gì ám ảnh nhất không?","Ám ảnh nhất không phải tiền, mà là cảnh người ta cầm sổ nợ run tay xin khất từng tuần, rồi nhà cửa, xe cộ lần lượt ra đi. Có đứa con nít ngồi bên mâm cơm nhìn bố mẹ cãi nhau vì tiền lô, ánh mắt nó tôi nhớ tới giờ. Ghi lô đề nuôi cái nghiện, tiền lời chẳng đáng với cái nghiệp mình gánh. Ngày tôi nghỉ, xóm tôi chẳng ai trách, ngược lại nhiều người mừng."
"Nghe đồn bóng đá có kèo bẫy, mua bán độ trận đấu mà nhiều người biết điểm chết. Chuyện đó có thật ngoài đời hay chỉ là trò dọa con nít?","Có thật, nhưng không phải kiểu anh mơ. Bán độ là chuyện ngoài đời, tới cả giải châu lục cũng từng dính, nhưng kèo bẫy rao bán trên mạng chín phần là lừa: họ lấy phí, rao điểm chết, rồi xù. Còn cái bẫy thật là kèo được dựng lên để moi tiền con bạc, ai tin vào trận đã biết trước thì càng đổ tiền nhiều hơn. Kẻ nghe theo kèo chắc thắng thường mất trước."
